3;2;655.13
3;1;555.02
3;0;356.35
4;2;183.22
4;3;778.28
4;0;424.20
5;4;238.40
5;2;70.58
5;0;329.36
6;1;321.31
6;5;601.59
6;4;553.33
7;4;686.42
7;6;184.82
7;0;534.08
8;7;309.46
8;4;453.48
8;6;301.41
9;2;326.96
9;5;294.68
9;4;339.54
10;4;779.66
10;7;627.61
10;0;355.57
11;2;325.19
11;8;235.93
11;7;484.38
12;4;63.57
12;0;487.51
12;9;330.72
13;12;157.41
13;6;584.09
13;2;375.41
14;11;421.02
14;8;186.81
14;1;418.90
15;9;871.57
15;6;277.49
15;10;209.15
16;9;817.02
16;8;131.48
16;1;416.97
17;16;328.43
17;14;251.24
17;8;203.59
18;5;685.05
18;17;82.86
18;12;465.11
19;10;14.42
19;1;585.03
19;3;30.02
20;15;127.47
20;0;187.18
20;6;372.14
21;12;268.68
21;2;490.70
21;13;115.41
22;15;626.08
22;2;563.42
22;16;201.73
23;15;381.03
23;12;321.04
23;21;469.92
24;6;206.31
24;10;523.62
24;1;116.73
25;13;667.96
25;17;697.09
25;15;75.96
26;9;476.94
26;14;538.24
26;23;79.16
27;14;496.87
27;13;134.24
27;22;282.82
28;18;269.54
28;8;288.01
28;21;544.66
29;8;506.74
29;12;145.06
29;27;229.27
30;26;438.32
30;19;876.81
30;17;93.02
31;15;333.34
31;24;24.19
31;14;359.17
32;22;399.49
32;26;58.00
32;11;197.41
33;32;325.74
33;20;421.34
33;3;575.31
34;22;205.07
34;28;412.44
34;21;453.11
35;19;332.64
35;3;303.00
35;11;584.19
36;16;336.86
36;35;500.68
36;32;12.08
37;0;408.83
37;25;213.10
37;26;581.02
38;24;805.72
38;28;410.08
38;30;266.48
39;25;301.21
39;1;621.42
39;26;89.56
40;18;304.71
40;38;163.78
40;21;341.83
41;17;112.61
41;30;23.35
41;21;319.65
42;27;103.32
42;21;61.01
42;12;210.44
43;25;131.61
43;19;161.01
43;15;55.66
44;13;296.77
44;21;380.76
44;15;841.38
45;31;190.04
45;11;636.12
45;7;154.99
46;8;225.50
46;18;91.76
46;21;358.27
47;29;123.69
47;42;242.40
47;36;398.81
48;37;273.59
48;43;123.79
48;25;134.41
49;27;517.15
49;5;252.60
49;36;83.44
50;42;86.82
50;38;216.63
50;48;767.32
51;50;474.44
51;16;769.33
51;44;88.60
52;35;593.27
52;28;100.72
52;17;188.45
53;45;199.65
53;17;358.45
53;41;343.19
54;6;339.24
54;15;328.24
54;23;92.20
55;23;217.28
55;5;232.80
55;26;250.60
56;30;143.66
56;50;155.21
56;18;137.71
57;26;142.34
57;13;216.12
57;12;235.78
58;43;127.66
58;37;74.53
58;20;244.52
59;13;362.74
59;51;332.78
59;26;169.52
60;35;453.12
60;54;509.90
60;31;625.12
61;21;610.32
61;57;408.63
61;14;171.48
62;34;133.65
62;47;541.49
62;36;171.84
63;61;413.62
63;62;248.00
63;24;374.89
64;49;415.62
64;15;122.00
64;39;410.02
65;52;112.43
65;34;261.77
65;17;108.47
66;52;692.66
66;25;168.12
66;43;263.74
67;46;382.50
67;2;444.52
67;12;222.43
68;8;207.62
68;28;395.99
68;22;159.15
69;66;173.22
69;15;244.23
69;6;466.27
70;36;439.44
70;7;941.20
70;47;224.96
71;2;559.56
71;57;467.84
71;1;336.95
72;61;265.89
72;41;196.24
72;31;457.08
73;61;491.93
73;38;293.86
73;42;143.28
74;24;125.04
74;71;348.73
74;64;352.01
75;50;285.45
75;26;230.67
75;4;49.24
76;14;15.23
76;53;113.99
76;22;219.02
77;25;476.56
77;68;145.80
77;46;280.20
78;65;406.81
78;8;321.63
78;43;324.99
79;31;220.34
79;72;472.55
79;1;111.46
80;21;171.03
80;12;97.72
80;18;387.36
81;54;454.90
81;69;228.46
81;3;16.55
82;50;272.88
82;39;344.89
82;56;117.69
83;34;632.42
83;39;551.92
83;3;34.79
84;54;54.56
84;35;496.83
84;13;448.42
85;49;452.04
85;18;228.12
85;82;254.02
86;48;580.64
86;61;57.69
86;6;217.88
87;11;196.98
87;57;177.72
87;73;313.56
88;1;345.77
88;68;547.77
88;22;388.97
89;49;243.17
89;80;412.72
89;36;265.22
90;38;169.85
90;84;623.57
90;80;402.50
91;13;157.70
91;68;47.27
91;17;264.56
92;67;880.20
92;19;99.09
92;71;238.03
93;14;177.80
93;52;195.50
93;65;114.02
94;92;231.61
94;58;72.50
94;6;266.10
95;6;261.02
95;76;153.08
95;62;388.31
96;68;160.65
96;2;334.67
96;72;482.96
97;50;144.81
97;32;532.24
97;67;131.03
98;15;325.25
98;6;235.03
98;18;469.28
99;55;349.90
99;5;151.64
99;28;827.96
100;43;52.35
100;94;132.19
100;92;102.69
101;22;284.12
101;61;502.98
101;39;660.00
102;62;441.47
102;49;295.18
102;84;274.77
103;71;536.78
103;7;248.36
103;57;670.75
104;60;577.71
104;73;359.44
104;26;203.42
105;66;178.40
105;104;247.39
105;15;62.30
106;26;612.02
106;98;514.04
106;7;208.81
107;48;167.28
107;8;465.75
107;15;173.83
108;36;134.85
108;59;280.13
108;23;142.20
109;89;530.73
109;34;13.04
109;18;335.48
110;99;322.01
110;59;262.51
110;66;288.18
111;56;588.21
111;48;156.54
111;36;263.10
112;1;210.06
112;7;189.03
112;43;276.33
113;11;383.60
113;28;138.81
113;17;56.08
114;94;290.17
114;20;126.37
114;64;271.46
115;49;482.50
115;42;83.45
115;18;237.84
116;21;930.86
116;39;468.05
116;3;176.58
117;0;562.60
117;90;336.34
117;29;671.63
118;18;280.06
118;73;436.06
118;46;276.52
119;115;317.52
119;70;208.35
119;4;142.37
120;61;321.89
120;66;711.67
120;79;20.02
121;109;193.05
121;81;590.17
121;89;343.72
122;75;216.42
122;82;452.97
122;17;504.60
123;33;255.88
123;119;191.76
123;11;330.85
124;31;274.04
124;26;697.09
124;120;170.99
125;30;660.85
125;79;153.06
125;78;479.43
126;23;306.15
126;53;876.16
126;71;584.01
127;52;370.47
127;16;255.88
127;1;161.21
128;7;52.04
128;111;541.55
128;82;310.21
129;31;636.41
129;25;389.17
129;89;134.46
130;61;74.24
130;17;312.39
130;124;244.25
131;124;179.08
131;45;160.61
131;100;650.04
132;9;249.82
132;99;68.62
132;33;365.43
133;121;130.60
133;42;298.01
133;65;294.46
134;55;159.73
134;68;470.87
134;49;121.49
135;39;333.80
135;59;571.91
135;66;404.90
136;69;63.01
136;47;766.63
136;121;452.83
137;133;611.00
137;134;847.07
137;86;259.15
138;85;502.19
138;27;541.53
138;12;256.53
139;72;449.81
139;27;62.27
139;93;360.42
140;11;353.64
140;21;325.30
140;12;111.40
141;118;399.52
141;68;66.49
141;52;325.15
142;17;62.65
142;101;185.28
142;34;302.77
143;122;310.60
143;123;92.66
143;75;128.89
144;141;208.28
144;14;128.86
144;86;194.65
145;29;615.50
145;35;294.15
145;66;148.17
146;91;337.08
146;59;762.13
146;39;634.11
147;128;59.36
147;106;135.79
147;82;267.07
148;39;556.52
148;65;337.13
148;82;314.18
149;18;344.55
149;7;346.71
149;28;92.07
0;9;623.10
0;63;164.20
0;111;46.07
1;74;98.84
1;93;523.65
1;107;530.85
2;121;269.39
2;129;95.51
2;126;133.75
