0;1;590.93
0;2;846.73
0;3;835.78
1;2;258.64
1;3;571.95
2;3;660.86
4;1;133.02
4;2;356.95
4;0;540.69
5;4;347.94
5;0;208.02
5;3;634.99
6;5;421.43
6;4;392.24
6;3;851.74
7;5;203.67
7;4;164.78
7;0;380.31
8;0;88.48
8;6;521.93
8;4;520.58
9;8;784.65
9;0;764.42
9;7;440.09
10;5;341.40
10;1;88.64
10;2;344.91
11;2;248.48
11;10;435.03
11;0;907.17
12;10;488.07
12;4;553.08
12;7;625.28
13;10;335.94
13;7;386.17
13;2;515.71
14;6;534.86
14;12;196.37
14;8;923.91
15;10;358.30
15;4;471.83
15;14;677.17
16;6;464.41
16;13;538.49
16;12;628.50
17;8;891.28
17;9;306.63
17;12;352.77
18;10;110.35
18;1;179.20
18;6;327.55
19;16;507.59
19;10;302.17
19;17;521.70
20;5;215.11
20;6;369.53
20;10;163.57
21;12;328.52
21;16;457.99
21;1;344.82
22;14;153.16
22;5;698.43
22;4;426.55
23;8;665.48
23;6;151.09
23;7;395.07
24;10;360.61
24;7;250.45
24;0;415.03
25;13;345.65
25;8;300.06
25;0;221.23
26;13;806.94
26;12;802.77
26;8;696.60
27;24;521.25
27;16;373.25
27;3;748.95
28;6;677.74
28;24;459.71
28;14;1082.94
29;19;374.40
29;6;249.30
29;15;105.36
30;11;802.12
30;1;578.48
30;26;541.09
31;4;290.13
31;27;512.08
31;12;835.48
32;8;140.89
32;7;290.33
32;27;467.38
33;23;560.11
33;12;739.28
33;4;189.64
34;16;816.76
34;20;703.76
34;4;750.02
35;8;667.77
35;12;802.51
35;33;294.76
36;8;855.10
36;12;330.22
36;13;270.71
37;8;778.58
37;1;419.65
37;35;861.03
38;4;583.99
38;8;599.24
38;35;905.90
39;5;131.21
39;8;191.32
39;6;550.02
40;16;461.39
40;6;463.83
40;12;185.15
41;27;549.60
41;13;742.00
41;28;879.96
42;25;377.14
42;8;167.29
42;15;543.21
43;5;571.32
43;26;847.50
43;6;150.00
44;23;80.72
44;35;730.07
44;0;545.13
45;0;217.44
45;26;813.07
45;6;689.56
46;20;169.37
46;12;817.06
46;45;437.34
47;11;404.21
47;4;377.74
47;8;796.14
48;2;675.66
48;5;68.51
48;44;431.00
49;14;373.09
49;11;567.46
49;7;399.66
50;1;118.30
50;25;522.95
50;8;640.65
51;4;368.47
51;16;296.82
51;17;701.24
52;10;322.80
52;14;101.51
52;7;457.35
53;7;290.52
53;27;253.16
53;33;346.46
54;2;877.44
54;46;463.07
54;8;205.24
55;43;789.91
55;10;411.77
55;7;378.75
56;10;279.38
56;5;66.85
56;8;225.64
57;41;494.70
57;18;506.17
57;54;926.32
58;1;311.46
58;44;504.14
58;36;538.00
59;27;25.08
59;20;326.58
59;30;638.68
60;17;156.85
60;7;629.17
60;12;248.65
61;3;1065.01
61;18;540.02
61;43;139.52
62;12;430.55
62;17;612.00
62;14;521.46
63;12;246.00
63;25;862.17
63;56;725.60
64;9;598.97
64;63;789.61
64;11;765.90
65;33;567.89
65;2;758.41
65;20;482.10
66;44;724.06
66;64;461.45
66;11;672.97
67;6;269.62
67;41;665.36
67;62;197.61
68;6;584.31
68;49;716.08
68;8;216.94
69;19;357.81
69;29;240.87
69;33;322.91
70;7;251.18
70;36;385.81
70;24;483.58
71;29;845.61
71;2;606.79
71;7;442.05
72;31;701.09
72;8;853.63
72;53;270.89
73;13;612.21
73;55;567.52
73;51;747.96
74;42;212.56
74;23;590.28
74;2;808.15
75;43;418.15
75;64;111.02
75;8;268.27
76;69;87.73
76;5;262.23
76;8;384.50
77;26;334.38
77;29;775.47
77;28;919.35
78;57;727.72
78;70;656.15
78;53;505.52
79;49;667.61
79;4;293.68
79;21;680.17
80;17;895.30
80;44;368.79
80;12;795.17
81;51;791.54
81;22;319.00
81;8;687.07
82;81;409.08
82;12;778.27
82;44;347.97
83;8;1026.42
83;68;969.18
83;5;865.43
84;44;121.10
84;5;599.81
84;42;825.11
85;59;332.54
85;48;741.00
85;2;308.21
86;46;915.76
86;47;299.15
86;12;150.28
87;4;410.86
87;5;606.32
87;71;753.63
88;4;689.77
88;13;745.94
88;35;796.57
89;12;598.00
89;7;290.20
89;68;473.99
90;8;185.27
90;22;885.56
90;23;752.11
91;5;375.77
91;56;314.16
91;2;309.92
92;44;477.45
92;43;579.32
92;18;151.57
93;4;334.25
93;3;135.35
93;7;435.03
94;14;605.99
94;7;193.08
94;2;543.89
95;85;562.94
95;16;167.84
95;6;310.47
96;63;778.70
96;11;605.49
96;40;738.97
97;8;107.45
97;6;497.89
97;11;941.48
98;51;536.48
98;58;654.91
98;1;363.69
99;28;967.65
99;72;493.95
99;46;834.23
100;66;385.55
100;89;146.03
100;18;362.25
101;12;881.52
101;47;710.91
101;73;681.80
102;10;468.24
102;44;720.11
102;8;461.74
103;57;164.69
103;10;565.42
103;0;1051.37
104;11;561.50
104;21;641.09
104;10;298.56
105;13;288.85
105;2;409.80
105;12;246.40
106;31;504.01
106;6;752.81
106;5;658.40
107;24;726.31
107;6;320.65
107;29;563.26
108;2;515.35
108;89;578.12
108;6;59.03
109;8;475.69
109;3;307.28
109;35;239.73
110;74;211.09
110;93;471.02
110;6;434.23
111;7;371.13
111;6;568.80
111;5;168.60
112;99;274.55
112;5;598.84
112;103;429.53
113;10;584.52
113;42;856.51
113;52;684.67
114;12;809.58
114;112;594.94
114;18;228.79
115;7;398.66
115;60;530.03
115;99;249.90
116;40;43.27
116;8;903.87
116;12;173.99
117;38;738.52
117;7;277.31
117;20;215.73
118;7;270.36
118;46;334.45
118;10;373.27
119;51;618.51
119;75;199.28
119;8;438.54
120;4;417.66
120;75;94.02
120;17;714.49
121;81;539.56
121;51;464.23
121;93;664.42
122;22;689.61
122;31;707.41
122;10;546.01
123;26;717.71
123;89;536.78
123;90;1014.89
124;20;322.23
124;28;575.01
124;98;590.04
125;9;653.78
125;104;556.13
125;44;379.71
126;14;690.05
126;28;792.06
126;87;779.71
127;8;642.37
127;26;324.09
127;6;458.59
128;4;516.10
128;23;651.31
128;27;578.92
129;8;626.14
129;47;320.13
129;82;352.13
130;11;967.73
130;48;495.06
130;65;181.69
131;0;874.87
131;18;562.30
131;118;724.65
132;15;528.44
132;123;202.59
132;104;602.52
133;30;641.35
133;95;408.12
133;122;943.83
134;126;543.28
134;1;199.92
134;78;588.05
135;59;664.40
135;83;875.41
135;12;910.77
136;22;656.58
136;57;755.74
136;51;630.75
137;98;231.11
137;130;508.48
137;12;504.39
138;26;95.13
138;7;371.81
138;28;712.01
139;6;625.05
139;74;235.09
139;12;1033.01
140;5;185.22
140;77;465.25
140;12;635.90
141;2;161.00
141;59;208.50
141;5;533.03
142;43;185.32
142;12;466.02
142;103;618.82
143;81;97.51
143;18;407.03
143;10;304.20
144;20;334.89
144;4;440.96
144;3;515.56
145;68;162.11
145;114;121.74
145;103;1001.29
146;83;783.53
146;9;568.24
146;7;128.51
147;31;31.30
147;63;710.39
147;106;484.43
148;12;155.33
148;19;244.97
148;35;690.51
149;28;886.07
149;75;564.42
149;86;369.97
