0;1;805.35
0;2;628.66
0;3;546.07
1;2;670.09
1;3;611.84
2;3;923.47
4;3;906.70
4;2;170.18
4;0;519.73
5;3;585.67
5;0;101.53
5;1;900.01
6;4;792.86
6;1;637.28
6;3;146.87
7;6;796.42
7;1;719.13
7;2;99.32
8;1;789.28
8;0;660.43
8;4;1077.29
9;4;708.38
9;3;560.48
9;1;77.83
10;1;502.77
10;0;392.12
10;6;513.82
11;0;473.10
11;2;605.23
11;3;343.55
12;3;724.81
12;9;404.45
12;8;913.93
13;12;808.22
13;6;164.28
13;7;938.78
14;4;601.49
14;7;625.31
14;9;665.70
15;0;400.75
15;1;427.41
15;7;404.16
16;1;950.86
16;0;319.53
16;2;937.03
17;7;853.69
17;15;617.16
17;14;243.98
18;0;341.88
18;2;344.42
18;15;395.84
19;1;939.03
19;9;861.75
19;14;210.87
20;16;466.77
20;3;99.32
20;0;603.68
21;6;574.80
21;7;665.52
21;4;713.47
22;16;337.36
22;0;273.79
22;7;656.91
23;14;407.34
23;1;557.20
23;6;146.77
24;14;187.80
24;19;393.97
24;1;555.19
25;15;67.23
25;7;337.60
25;22;371.52
26;14;410.77
26;0;536.64
26;22;330.39
27;0;316.76
27;7;790.73
27;5;219.62
28;16;775.26
28;9;223.91
28;7;443.25
29;7;1082.94
29;26;112.59
29;20;215.36
30;28;334.72
30;16;593.17
30;15;309.58
31;25;498.26
31;7;666.28
31;19;101.02
32;27;1005.80
32;3;565.35
32;7;606.19
33;14;199.18
33;1;677.66
33;26;584.93
34;0;358.54
34;21;788.24
34;7;275.39
35;3;494.92
35;16;159.46
35;11;530.32
36;0;502.25
36;8;182.99
36;6;199.86
37;1;499.42
37;9;428.34
37;36;371.65
38;3;746.12
38;26;882.88
38;23;692.14
39;25;501.01
39;9;568.55
39;10;524.02
40;7;76.32
40;4;52.20
40;10;266.17
41;4;824.26
41;27;886.97
41;29;527.50
42;20;796.24
42;0;398.33
42;7;197.87
43;9;1044.86
43;7;668.79
43;0;341.97
44;35;681.13
44;27;788.52
44;30;623.15
45;16;637.83
45;13;506.72
45;27;813.18
46;29;1117.44
46;11;571.24
46;27;923.13
47;6;739.71
47;4;733.77
47;0;397.65
48;5;454.37
48;44;878.96
48;41;467.41
49;4;770.90
49;28;677.50
49;40;728.77
50;25;575.66
50;39;663.96
50;28;742.04
51;11;634.51
51;36;816.41
51;7;338.54
52;32;779.83
52;25;457.23
52;6;801.12
53;14;468.54
53;39;747.30
53;6;728.16
54;4;804.54
54;23;735.75
54;0;342.85
55;7;908.74
55;6;310.10
55;0;367.64
56;22;14.32
56;31;277.42
56;48;303.30
57;51;241.08
57;17;426.24
57;0;130.42
58;20;210.52
58;0;438.72
58;6;72.95
59;6;173.42
59;50;532.05
59;8;358.80
60;8;743.88
60;23;514.06
60;53;696.60
61;30;450.28
61;33;25.00
61;16;423.59
62;12;694.77
62;6;428.84
62;0;148.08
63;37;554.36
63;21;698.18
63;12;330.11
64;2;124.17
64;6;712.33
64;0;548.19
65;19;238.21
65;24;605.91
65;47;96.88
66;0;317.80
66;6;691.37
66;9;1031.70
67;7;181.02
67;14;709.67
67;0;667.69
68;1;929.30
68;19;713.86
68;15;814.91
69;51;750.47
69;25;723.07
69;21;878.60
70;2;1236.07
70;7;1198.55
70;29;125.92
71;56;301.11
71;21;258.12
71;0;550.82
72;14;476.67
72;46;247.11
72;71;417.08
73;70;353.35
73;20;325.18
73;69;75.01
74;48;797.56
74;7;586.48
74;38;259.31
75;0;591.18
75;28;426.48
75;1;412.85
76;20;853.38
76;0;433.32
76;6;654.93
77;16;680.37
77;30;158.64
77;36;585.50
78;57;306.81
78;19;176.00
78;11;493.88
79;0;318.31
79;7;247.63
79;22;482.10
80;22;519.31
80;4;828.01
80;3;457.93
81;39;489.10
81;44;509.94
81;29;667.39
82;4;239.27
82;51;486.52
82;13;958.85
83;34;228.63
83;2;155.62
83;54;821.26
84;10;183.10
84;9;270.04
84;19;604.82
85;78;185.65
85;72;711.54
85;22;272.01
86;26;922.57
86;17;775.47
86;2;172.29
87;1;993.23
87;44;556.42
87;7;543.86
88;48;364.16
88;24;33.14
88;47;698.90
89;3;676.73
89;9;158.09
89;31;798.93
90;8;232.00
90;43;976.51
90;39;234.97
91;28;429.71
91;26;846.67
91;2;801.03
92;14;414.71
92;3;166.21
92;16;363.03
93;0;430.26
93;14;518.12
93;20;923.02
94;74;554.91
94;83;511.28
94;3;441.19
95;42;461.09
95;32;75.06
95;51;731.56
96;29;50.64
96;82;1066.69
96;52;1030.32
97;8;339.21
97;67;883.13
97;16;655.85
98;67;739.47
98;54;288.26
98;70;899.02
99;27;728.11
99;28;158.82
99;71;240.52
100;12;539.72
100;50;677.88
100;79;586.94
101;12;679.72
101;14;185.40
101;1;918.85
102;3;414.12
102;96;613.22
102;100;230.53
103;32;627.39
103;33;527.68
103;29;219.06
104;52;875.85
104;28;273.31
104;9;73.25
105;2;636.49
105;25;303.43
105;60;279.10
106;51;785.31
106;37;399.33
106;1;108.47
107;7;62.24
107;22;637.12
107;19;624.50
108;0;506.20
108;91;740.84
108;85;808.82
109;63;444.37
109;79;436.66
109;22;403.44
110;104;575.78
110;0;660.21
110;15;366.88
111;107;410.19
111;78;528.19
111;20;626.00
112;36;380.68
112;20;546.23
112;51;571.42
113;47;465.64
113;26;914.16
113;6;756.90
114;32;675.89
114;50;755.08
114;49;315.94
115;80;57.14
115;88;468.40
115;7;755.02
116;7;74.25
116;39;830.86
116;6;819.76
117;115;153.11
117;14;546.96
117;48;649.01
118;61;434.00
118;7;635.90
118;2;629.30
119;15;589.92
119;89;798.74
119;31;451.07
120;118;356.50
120;115;581.72
120;54;491.46
121;73;605.64
121;85;597.09
121;6;371.17
122;2;73.79
122;8;1036.62
122;35;737.69
123;0;142.04
123;3;686.16
123;61;199.49
124;48;502.65
124;112;384.00
124;8;680.96
125;18;315.24
125;75;582.24
125;95;609.38
126;3;127.99
126;0;643.81
126;101;690.16
127;125;367.31
127;107;775.89
127;41;887.69
128;7;338.00
128;2;378.04
128;50;461.09
129;102;322.39
129;78;601.32
129;57;318.01
130;0;492.10
130;7;63.60
130;19;609.59
131;0;397.22
131;2;714.45
131;73;362.69
132;7;721.42
132;22;223.40
132;4;692.11
133;85;271.15
133;50;310.78
133;91;940.12
134;15;761.65
134;78;338.28
134;6;631.97
135;129;978.03
135;12;1006.11
135;73;324.05
136;14;264.21
136;25;438.24
136;40;414.37
137;5;462.17
137;14;509.80
137;28;563.96
138;7;887.97
138;127;811.42
138;20;158.82
139;25;560.54
139;4;806.76
139;28;639.01
140;23;494.39
140;95;534.60
140;3;518.06
141;92;801.69
141;2;825.52
141;1;1147.15
142;2;363.67
142;76;342.78
142;21;260.02
143;18;253.94
143;0;149.78
143;26;684.76
144;82;353.16
144;14;389.37
144;44;228.63
145;49;536.33
145;4;590.31
145;0;484.39
146;115;119.92
146;85;890.54
146;7;796.49
147;11;350.93
147;2;801.07
147;29;806.13
148;17;940.46
148;54;967.05
148;9;603.43
149;9;268.04
149;82;294.52
149;3;628.21
