0;1;406.87
0;2;104.31
0;3;670.97
1;2;507.57
1;3;888.83
2;3;616.20
4;1;845.49
4;2;645.08
4;0;683.06
5;3;501.24
5;2;160.03
5;0;258.94
6;2;265.29
6;0;359.82
6;5;107.22
7;5;586.95
7;4;643.88
7;2;498.26
8;7;717.62
8;6;314.97
8;0;299.28
9;1;407.83
9;2;289.86
9;6;370.67
10;7;804.18
10;1;862.76
10;8;291.95
11;9;473.21
11;6;420.01
11;7;687.36
12;2;725.65
12;1;1158.92
12;11;437.46
13;3;210.34
13;11;195.93
13;5;641.73
14;1;1212.23
14;0;862.44
14;9;819.66
15;13;135.06
15;11;323.79
15;2;846.81
16;5;457.04
16;4;521.63
16;0;341.21
17;2;776.47
17;3;238.27
17;0;806.34
18;1;721.34
18;9;449.03
18;2;720.35
19;8;310.09
19;18;743.91
19;7;427.10
20;2;374.83
20;11;236.32
20;18;469.69
21;5;302.11
21;11;654.79
21;8;276.59
22;5;743.23
22;19;1027.27
22;13;626.47
23;0;464.80
23;19;483.53
23;21;109.44
24;0;485.03
24;14;691.10
24;5;364.01
25;5;352.77
25;16;782.80
25;23;272.55
26;8;346.73
26;0;375.98
26;3;387.00
27;2;918.69
27;7;769.02
27;24;1192.62
28;3;138.29
28;13;307.28
28;0;772.97
29;0;701.83
29;24;1025.29
29;2;701.03
30;3;352.40
30;13;420.32
30;19;369.07
31;2;256.32
31;8;432.54
31;22;1121.28
32;22;878.10
32;4;862.24
32;27;1165.93
33;22;646.02
33;0;393.62
33;21;497.26
34;11;500.76
34;12;767.39
34;24;641.18
35;16;960.90
35;25;491.80
35;24;856.18
36;0;365.31
36;18;849.52
36;12;553.72
37;18;333.84
37;6;436.41
37;7;641.95
38;5;593.18
38;2;697.92
38;6;516.44
39;31;264.33
39;29;732.61
39;2;31.83
40;0;82.73
40;7;352.67
40;21;555.67
41;9;737.36
41;20;443.42
41;26;414.20
42;10;971.07
42;32;1184.37
42;6;815.81
43;32;1040.32
43;11;357.27
43;3;375.05
44;18;731.15
44;16;733.92
44;6;303.43
45;5;184.68
45;8;382.23
45;24;445.15
46;0;296.04
46;29;546.30
46;5;119.10
47;0;797.24
47;9;539.16
47;32;1055.19
48;7;437.86
48;4;617.25
48;2;60.88
49;9;697.98
49;11;533.90
49;0;678.65
50;6;614.10
50;17;752.11
50;11;709.57
51;5;611.96
51;44;699.03
51;23;902.89
52;49;995.55
52;2;476.85
52;4;730.28
53;52;1004.47
53;0;692.07
53;22;418.08
54;5;321.36
54;35;925.01
54;36;472.89
55;11;470.06
55;49;726.32
55;16;102.88
56;39;654.93
56;38;447.44
56;49;892.09
57;19;685.31
57;2;579.58
57;29;441.22
58;49;409.47
58;44;235.16
58;11;124.78
59;26;596.97
59;32;1002.04
59;49;781.31
60;49;594.25
60;23;801.64
60;2;693.81
61;1;828.06
61;27;886.58
61;26;145.33
62;6;506.36
62;23;752.63
62;0;355.62
63;19;230.56
63;24;360.07
63;0;196.54
64;43;132.08
64;49;924.06
64;58;539.56
65;23;835.75
65;5;552.09
65;2;479.06
66;6;502.00
66;11;235.19
66;58;205.41
67;29;1036.65
67;8;146.35
67;5;377.16
68;51;775.89
68;11;391.80
68;1;1216.13
69;25;497.68
69;7;1056.96
69;40;893.07
70;26;551.02
70;56;951.54
70;49;319.13
71;35;407.35
71;17;673.65
71;3;435.46
72;24;656.06
72;56;385.41
72;66;733.29
73;5;626.20
73;2;525.10
73;3;767.17
74;17;247.39
74;3;147.11
74;21;657.05
75;31;549.40
75;5;627.09
75;42;399.41
76;53;1031.14
76;49;1021.22
76;11;816.29
77;14;997.27
77;5;510.19
77;36;670.86
78;6;301.01
78;7;899.82
78;50;886.79
79;52;546.19
79;14;817.23
79;15;278.87
80;4;614.16
80;1;522.01
80;58;517.40
81;18;195.09
81;7;686.66
81;2;882.78
82;35;589.65
82;6;365.67
82;4;154.73
83;2;769.08
83;25;771.33
83;5;683.81
84;42;889.14
84;24;324.60
84;15;794.10
85;5;284.36
85;66;516.24
85;10;449.31
86;9;294.84
86;76;380.26
86;45;465.10
87;9;885.67
87;8;813.04
87;22;163.69
88;45;687.63
88;20;502.49
88;12;860.38
89;29;424.19
89;51;479.51
89;19;808.17
90;32;1077.48
90;5;744.55
90;68;784.92
91;8;851.96
91;49;678.25
91;6;548.92
92;4;43.66
92;74;73.03
92;37;31.62
93;0;279.87
93;29;600.92
93;7;161.03
94;81;731.00
94;70;1130.35
94;5;564.43
95;9;169.00
95;29;290.60
95;93;388.35
96;27;1210.98
96;3;848.99
96;13;1003.23
97;34;41.00
97;29;518.69
97;68;856.76
98;44;369.21
98;66;114.28
98;25;598.84
99;77;664.47
99;5;594.21
99;64;444.64
100;20;419.82
100;24;474.02
100;21;272.01
101;2;488.05
101;76;737.01
101;92;155.60
102;6;385.98
102;51;315.46
102;50;266.63
103;31;999.39
103;69;146.65
103;38;491.20
104;24;1219.30
104;46;743.92
104;4;363.23
105;29;590.84
105;14;541.50
105;5;97.67
106;14;526.39
106;42;444.00
106;81;383.69
107;74;308.72
107;70;309.74
107;48;617.30
108;6;129.25
108;16;518.89
108;31;591.18
109;84;618.81
109;7;1110.10
109;32;794.18
110;49;147.01
110;87;361.89
110;70;353.31
111;58;505.00
111;68;779.54
111;49;517.36
112;3;831.16
112;38;860.52
112;88;650.03
113;6;524.70
113;4;42.72
113;44;501.09
114;4;373.85
114;0;684.35
114;2;703.38
115;45;174.64
115;10;263.47
115;1;617.40
116;87;87.92
116;5;615.18
116;69;152.90
117;12;440.59
117;76;675.29
117;5;252.68
118;104;126.14
118;76;734.70
118;47;122.58
119;43;722.05
119;9;348.93
119;83;857.18
120;110;585.05
120;95;315.36
120;58;312.12
121;95;489.45
121;44;717.64
121;8;1052.58
122;52;314.03
122;47;656.84
122;7;316.04
123;26;137.18
123;5;267.42
123;23;451.28
124;0;389.49
124;7;634.96
124;38;461.56
125;108;417.12
125;2;124.33
125;7;616.98
126;10;659.56
126;123;428.43
126;21;772.16
127;45;637.96
127;16;530.09
127;68;666.35
128;81;554.60
128;43;423.25
128;13;414.08
129;26;769.33
129;71;874.31
129;10;947.42
