0;1;590.93
0;2;846.73
1;2;258.64
3;1;571.95
3;0;835.78
4;3;461.84
4;0;540.69
5;3;634.99
5;4;347.94
6;4;392.24
6;3;851.74
7;5;203.67
7;4;164.78
8;0;88.48
8;6;521.93
9;6;339.78
9;4;381.03
10;9;303.99
10;0;502.72
11;9;426.92
11;5;711.23
12;5;821.08
12;6;498.40
13;2;515.71
13;6;80.01
14;3;734.54
14;13;549.18
15;0;374.01
15;13;170.55
16;4;83.68
16;13;538.49
17;9;306.63
17;13;621.46
18;9;413.70
18;3;531.81
19;8;655.63
19;17;521.70
20;8;387.85
20;12;648.45
21;13;633.66
21;5;757.24
22;21;272.12
22;7;500.36
23;19;13.93
23;17;510.62
24;11;593.68
24;13;633.09
25;18;424.85
25;13;345.65
26;2;554.81
26;8;696.60
27;22;269.82
27;14;382.99
28;25;423.80
28;6;677.74
29;8;408.99
29;13;264.43
30;17;842.18
30;23;747.14
31;3;447.26
31;20;191.64
32;6;384.21
32;5;151.61
33;11;512.72
33;8;390.19
34;9;634.44
34;14;838.01
35;10;454.94
35;1;441.42
36;18;602.22
36;12;330.22
37;0;730.81
37;18;520.83
38;17;760.01
38;11;846.86
39;34;798.61
39;23;671.47
40;4;393.36
40;8;861.14
41;36;842.18
41;20;396.45
42;27;740.73
42;8;167.29
43;22;376.03
43;15;245.20
44;3;864.42
44;38;210.77
45;5;338.02
45;39;301.98
46;17;647.71
46;12;817.06
47;9;25.71
47;39;742.86
48;34;603.52
48;17;724.54
49;5;566.78
49;22;228.69
50;29;492.85
50;5;487.59
51;12;921.55
51;17;701.24
52;49;329.12
52;11;258.94
53;11;267.69
53;17;232.17
54;18;492.67
54;11;966.43
55;3;192.61
55;53;390.38
56;5;66.85
56;11;667.06
57;53;279.52
57;7;546.20
58;11;225.04
58;9;240.66
59;23;122.12
59;8;578.98
60;17;156.85
60;39;905.63
61;19;229.96
61;41;884.80
62;37;125.16
62;11;712.00
63;22;210.30
63;6;582.99
64;39;274.27
64;8;201.47
65;34;296.34
65;52;734.70
66;0;476.17
66;1;535.01
67;38;365.77
67;8;771.30
68;29;558.58
68;17;792.04
69;68;362.51
69;15;194.74
70;5;443.52
70;10;123.10
71;3;134.83
71;6;732.77
72;66;822.07
72;20;516.58
73;15;722.44
73;9;281.79
74;3;809.05
74;36;773.26
75;12;783.46
75;5;260.97
76;22;475.19
76;25;261.35
77;13;618.26
77;20;387.20
78;10;557.28
78;9;759.01
79;40;685.29
79;49;667.61
80;3;1055.88
80;68;621.91
81;11;665.77
81;63;523.05
82;13;296.82
82;10;489.91
83;13;609.82
83;7;662.13
84;12;389.07
84;61;178.55
85;27;322.02
85;80;700.40
86;3;939.33
86;64;912.12
87;53;317.80
87;39;720.09
88;29;535.21
88;45;17.20
89;25;662.89
89;10;258.40
90;17;866.74
90;4;493.81
91;27;161.14
91;64;379.54
92;17;597.80
92;25;425.15
93;20;369.23
93;16;256.12
94;37;410.57
94;84;336.39
95;12;594.16
95;93;416.19
96;15;668.97
96;49;737.39
97;3;867.43
97;29;339.08
98;66;554.24
98;95;257.39
99;15;387.14
99;8;823.50
100;61;878.78
100;92;376.64
101;8;496.88
101;73;681.80
102;12;919.65
102;27;635.73
103;42;1223.40
103;49;444.10
104;9;598.11
104;53;390.93
105;36;87.09
105;42;987.23
106;3;228.71
106;10;489.47
107;46;697.30
107;12;180.24
108;79;642.52
108;18;386.17
109;82;778.53
109;76;535.60
110;63;768.39
110;34;697.83
111;3;706.90
111;64;255.20
112;95;415.12
112;11;579.75
113;102;1008.19
113;6;327.23
114;11;685.85
114;38;559.45
115;42;793.52
115;84;72.42
116;104;663.78
116;79;721.01
117;72;538.45
117;5;396.61
118;30;355.98
118;25;134.36
119;65;195.35
119;17;652.94
120;76;137.03
120;31;439.20
121;12;841.93
121;120;179.72
122;17;891.09
122;65;144.52
123;11;369.63
123;100;635.74
124;6;691.04
124;65;757.13
125;6;314.85
125;63;888.74
126;87;779.71
126;71;57.31
127;3;441.37
127;67;449.93
128;69;285.78
128;17;885.24
129;5;524.76
129;6;104.79
130;106;1046.03
130;5;563.37
131;18;562.30
131;52;293.75
132;17;257.16
132;9;52.17
133;101;362.04
133;11;198.93
134;31;301.66
134;33;238.93
135;6;719.56
135;82;826.72
136;3;921.63
136;65;62.63
137;64;303.76
137;27;154.00
138;5;451.96
138;4;272.75
139;10;548.72
139;20;403.11
140;10;163.22
140;3;621.47
141;126;578.12
141;22;185.53
142;8;830.08
142;93;1016.13
143;14;371.59
143;59;136.33
144;11;750.18
144;8;289.70
145;15;420.22
145;76;336.30
146;85;717.21
146;3;549.41
147;41;421.84
147;107;690.89
148;68;794.16
148;97;820.32
149;133;472.06
149;27;156.60
150;17;609.82
150;69;544.78
151;110;688.65
151;13;487.17
152;64;291.25
152;12;837.71
153;84;306.18
153;13;279.03
154;13;617.73
154;0;941.31
155;15;446.01
155;30;173.95
156;13;653.29
156;18;476.84
157;3;650.26
157;17;834.28
158;45;754.50
158;9;220.51
159;6;319.21
159;35;751.14
160;8;797.90
160;42;920.58
161;3;414.02
161;133;139.90
162;8;737.14
162;12;291.55
163;4;440.28
163;51;443.71
164;110;352.64
164;138;769.53
165;9;689.88
165;8;398.92
166;6;777.06
166;146;459.78
167;6;46.39
167;154;598.00
168;13;582.57
168;62;579.19
169;78;656.89
169;17;799.88
170;168;845.70
170;27;460.31
171;9;744.68
171;89;320.14
172;149;897.79
172;59;747.64
173;12;744.83
173;17;505.95
174;56;613.29
174;10;334.19
175;29;354.68
175;9;552.05
176;68;851.34
176;13;213.33
177;76;412.46
177;112;508.15
178;12;757.45
178;6;581.74
179;112;237.59
179;25;563.44
180;120;593.86
180;75;686.79
181;138;162.48
181;31;376.11
182;46;464.31
182;13;121.04
183;37;118.87
183;133;845.76
184;38;430.45
184;134;149.79
185;29;545.57
185;41;819.66
186;146;162.64
186;13;361.14
187;155;366.01
187;64;349.79
188;19;215.24
188;41;652.94
189;130;262.91
189;11;745.43
190;11;735.11
190;37;428.99
191;9;331.14
191;6;339.87
192;34;409.84
192;39;605.18
193;12;753.28
193;70;375.95
194;123;133.18
194;15;618.50
195;71;563.03
195;97;323.19
196;0;385.39
196;27;437.17
197;178;280.50
197;22;353.28
198;184;478.05
198;156;939.11
199;44;707.50
199;141;505.21
